0.471726 0.266596 2
0.308522 0.0859873 2
0.444219 0.926938 3
0.232567 0.314526 2
0.559125 0.867328 3
0.399081 0.817438 3
0.536394 0.474805 2
0.703571 0.184711 1
0.630115 0.730837 3
0.352424 0.737656 3
0.627177 0.115453 1
0.121368 0.00159026 2
0.822564 0.210611 1
0.953034 0.189633 1
0.0832001 0.169515 2
0.930588 0.0838308 1
0.570474 0.647851 3
0.448443 0.298263 2
0.865959 0.13832 1
0.469438 0.788717 3
0.275028 0.186195 2
0.101863 0.297372 2
0.597516 0.169413 1
0.867042 0.236793 1
0.67109 0.0850922 1
0.417474 0.900787 3
0.462281 0.0210837 2
0.445056 0.796125 3
0.761013 0.0815636 1
0.426528 0.784825 3
0.0814607 0.482325 2
0.0966349 0.359804 2
0.0618728 0.500493 2
0.398151 0.829542 3
0.36121 0.0170826 2
0.941568 0.327206 1
0.396092 0.210026 2
0.447416 0.136498 2
0.431829 0.824239 3
0.374962 0.120703 2
0.387806 0.857322 3
0.26553 0.161474 2
0.586363 0.733944 3
0.179493 0.282296 2
0.412808 0.659384 3
0.862531 0.0655816 1
0.817482 0.520909 1
0.370826 0.0512962 2
0.7994 0.437487 1
0.678188 0.228197 1
0.305915 0.349437 2
0.333556 0.0119574 2
0.572915 0.260196 1
0.490121 0.16227 2
0.539115 0.0979158 1
0.879536 0.0271034 1
0.552998 0.908774 3
0.215142 0.43044 2
0.508347 0.870551 3
0.197966 0.461246 2
0.483196 0.656587 3
0.512674 0.795749 3
0.598438 0.241639 1
0.217431 0.43166 2
0.100312 0.311357 2
0.0133057 0.283756 2
0.322696 0.0996526 2
0.643325 0.953149 3
0.60349 0.0758283 1
0.63174 0.276977 1
0.51871 0.838348 3
0.5541 0.826987 3
0.115768 0.374718 2
0.39418 0.388909 2
0.0939424 0.420784 2
0.282749 0.199557 2
0.106432 0.191725 2
0.445723 0.74894 3
0.472257 0.996426 3
0.144948 0.412907 2
0.68522 0.178252 1
0.198806 0.24328 2
0.733038 0.13263 1
0.399043 0.343425 2
0.23264 0.529861 2
0.755423 0.0350409 1
0.930489 0.205792 1
0.384584 0.319802 2
0.934503 0.45628 1
0.577846 0.02532 1
0.0650844 0.317288 2
0.518414 0.25979 1
0.13298 0.0345121 2
0.659207 0.29353 1
0.279743 0.310016 2
0.553271 0.818126 3
0.315944 0.448719 2
0.811512 0.357061 1
0.183669 0.160963 2
0.329982 0.0811043 2
0.795387 0.250409 1
0.952919 0.383683 1
0.394738 0.0364514 2
0.607237 0.206875 1
0.833845 0.208347 1
0.675952 0.267351 1
0.432756 0.740718 3
0.426284 0.122781 2
0.496087 0.66104 3
0.325564 0.667683 3
0.650903 0.679919 3
0.599401 0.988396 3
0.38135 0.957133 3
0.290191 0.4505 2
0.648294 0.910321 3
0.185752 0.182996 2
0.353333 0.362032 2
0.299584 0.280255 2
0.636271 0.119365 1
0.0891795 0.427353 2
0.123297 0.202363 2
0.866761 0.1115 1
0.812004 0.305563 1
0.431433 0.383885 2
0.77018 0.327477 1
0.555033 0.754571 3
0.294534 0.267643 2
0.11581 0.139359 2
0.411046 0.872784 3
0.209189 0.173409 2
0.312338 0.297615 2
0.085901 0.152433 2
0.722435 0.205754 1
0.161031 0.396241 2
0.815825 0.209696 1
0.449669 0.705973 3
0.581612 0.887551 3
0.556815 0.66291 3
0.783333 0.251657 1
0.351945 0.274978 2
0.233556 0.184202 2
0.410897 0.640923 3
0.529531 0.100058 1
0.298495 0.653076 3
0.365304 0.411309 2
0.75095 0.129167 1
0.567752 0.924656 3
0.26961 0.118573 2
0.561293 0.829983 3
0.311301 0.405013 2
0.131685 0.241427 2
0.255501 0.682754 3
0.332845 0.096985 2
0.123426 0.136689 2
0.231766 0.445168 2
0.603223 0.795112 3
0.527039 0.297932 1
0.199747 0.452139 2
0.946403 0.233344 1
0.352304 0.7457 3
0.325513 0.105294 2
0.259563 0.278106 2
0.560222 0.767876 3
0.267966 0.37925 2
0.96307 0.0549904 1
0.692933 0.218183 1
0.827479 0.163225 1
0.187027 0.195571 2
0.523748 0.724858 3
0.187648 0.398396 2
0.476654 0.333789 2
0.134349 0.0899346 2
0.543504 0.162361 1
0.403698 0.126584 2
0.392616 0.332954 2
0.15929 0.0533053 2
0.799412 0.0994348 1
0.950097 0.242091 1
0.497667 0.858796 3
0.466409 0.179559 2
0.852269 0.207389 1
0.0745143 0.153119 2
0.440291 0.321272 2
0.421819 0.139257 2
0.0796746 0.336622 2
0.26112 0.269034 2
0.941677 0.291767 1
0.414962 0.289494 2
0.719876 0.254788 1
0.240395 0.22261 2
0.41919 0.360486 2
0.220564 0.675328 3
0.189524 0.513554 2
0.899036 0.0833972 1
0.657232 0.145101 1
0.201204 0.612756 2
0.664368 0.35795 1
0.441903 0.812056 3
0.257091 0.220132 2
0.772259 0.199954 1
