time,bus,walk,price,area,bal,kosuu,floor,tf,muki,year
3,0,6,1680 ,44.60 ,3.50 ,19,4,5,1,68
3,0,4,2280 ,48.87 ,4.05 ,12,2,4,1,74
3,0,7,2880 ,57.00 ,7.22 ,26,4,7,1,70
3,0,6,4980 ,88.02 ,8.70 ,30,4,8,1,74
3,0,6,9800 ,121.56 ,6.71 ,30,2,3,1,83
5,0,3,1150 ,19.12 ,0.00 ,35,8,8,1,70
5,0,1,3850 ,52.08 ,5.67 ,21,5,9,1,98
5,0,9,7580 ,78.60 ,14.10 ,68,3,4,1,99
4,0,8,2100 ,38.92 ,5.46 ,69,6,6,1,69
4,0,3,10300 ,128.66 ,9.68 ,13,1,3,1,98
4,0,8,24800 ,230.72 ,0.00 ,7,3,3,1,86
7,0,14,980 ,33.10 ,0.00 ,11,3,6,1,73
7,0,5,2500 ,55.44 ,6.30 ,42,2,8,1,73
7,0,10,3980 ,53.05 ,4.79 ,30,2,5,1,95
11,0,3,10000 ,170.85 ,13.37 ,3,2,3,1,89
13,0,10,3080 ,49.64 ,9.00 ,85,1,7,1,86
13,0,9,3960 ,54.87 ,6.30 ,13,2,3,1,1
13,0,8,5150 ,99.22 ,20.18 ,19,1,4,1,82
14,0,7,4480 ,81.19 ,0.00 ,4,1,2,1,1
14,0,7,6180 ,102.12 ,29.04 ,4,1,2,1,1
10,0,8,1980 ,51.66 ,0.00 ,39,6,6,1,75
10,0,10,2550 ,60.34 ,15.55 ,10,3,5,1,74
10,0,11,3780 ,61.74 ,7.44 ,18,3,3,1,88
10,0,8,4480 ,81.19 ,0.00 ,4,1,2,1,1
10,0,1,4980 ,84.62 ,18.38 ,102,9,9,1,76
10,0,8,5280 ,92.18 ,0.00 ,7,1,3,1,1
10,0,14,7980 ,134.23 ,33.90 ,23,3,5,1,88
10,0,7,8980 ,130.71 ,11.98 ,26,1,6,1,90
18,0,7,1780 ,42.79 ,5.04 ,29,3,8,1,86
18,0,18,1980 ,47.85 ,6.34 ,14,2,4,1,82
18,0,12,2480 ,51.88 ,6.96 ,38,1,3,1,82
18,0,15,2980 ,75.61 ,10.29 ,94,2,7,1,72
18,0,19,3580 ,73.94 ,4.16 ,41,1,6,1,97
18,0,9,3580 ,64.78 ,5.12 ,22,3,5,1,92
18,0,14,3980 ,60.13 ,6.81 ,30,2,3,1,97
18,0,14,3980 ,60.13 ,6.81 ,30,2,3,1,97
18,0,10,3980 ,89.65 ,10.90 ,21,2,3,1,84
18,0,9,4090 ,69.02 ,10.92 ,100,1,6,1,95
18,0,7,8500 ,128.15 ,22.83 ,228,1,11,1,93
21,0,18,1380 ,33.40 ,0.00 ,20,1,4,1,79
21,0,10,1460 ,47.25 ,6.48 ,56,4,4,1,73
21,0,8,1490 ,30.66 ,2.24 ,17,4,4,1,91
21,0,8,1490 ,30.66 ,2.24 ,17,4,4,1,91
21,0,19,2300 ,55.33 ,13.46 ,16,3,4,1,85
21,0,16,2580 ,40.55 ,2.92 ,27,3,5,1,91
21,0,15,3780 ,91.98 ,17.70 ,34,3,7,1,73
21,0,8,4680 ,66.19 ,7.20 ,21,4,6,1,99
14,0,18,4850 ,86.01 ,4.20 ,54,1,6,1,97
14,0,8,5550 ,95.34 ,8.67 ,16,2,5,1,86
14,0,18,11500 ,212.41 ,9.39 ,53,3,9,1,87
24,0,16,1400 ,56.85 ,6.18 ,129,7,11,1,73
24,0,16,2480 ,75.52 ,7.32 ,195,10,11,1,73
26,0,8,1280 ,35.64 ,8.90 ,157,7,7,1,72
26,0,5,2380 ,58.72 ,8.75 ,55,1,6,1,78
26,0,5,2880 ,63.74 ,8.40 ,507,3,15,1,85
26,0,8,2880 ,61.58 ,5.08 ,25,2,4,1,85
26,0,5,3160 ,65.51 ,8.40 ,507,14,15,1,85
26,0,4,3450 ,91.08 ,39.67 ,22,5,5,1,81
26,0,5,3980 ,74.38 ,9.70 ,507,7,15,1,85
26,0,3,4680 ,67.73 ,9.50 ,58,6,9,1,98
26,6,2,5500 ,112.88 ,4.18 ,40,1,5,1,92
26,0,18,5500 ,112.88 ,4.18 ,40,1,5,1,92
18,0,7,1780 ,67.02 ,10.38 ,19,2,5,1,85
18,0,18,1990 ,50.82 ,23.60 ,43,4,5,1,97
18,0,17,2080 ,75.57 ,15.59 ,148,4,15,1,90
18,0,19,2880 ,75.57 ,15.59 ,148,14,15,1,90
18,0,5,3680 ,72.56 ,6.48 ,22,3,4,1,99
19,0,6,2480 ,62.70 ,6.27 ,40,3,6,1,86
19,0,15,2990 ,58.99 ,7.20 ,35,3,5,1,93
24,0,12,1580 ,65.92 ,10.00 ,30,3,5,1,66
24,0,12,1850 ,65.92 ,10.00 ,30,1,5,1,66
24,0,5,3380 ,75.16 ,7.85 ,24,2,4,1,94
27,0,6,1180 ,47.52 ,3.42 ,15,1,2,1,81
27,8,4,1680 ,74.78 ,2.46 ,11,1,2,1,78
27,0,17,1750 ,69.33 ,10.79 ,26,3,3,1,87
27,0,9,1750 ,64.80 ,7.01 ,267,9,14,1,86
27,0,6,1930 ,75.10 ,7.53 ,153,4,7,1,80
27,7,2,1980 ,65.51 ,21.87 ,12,5,6,1,90
25,9,2,1050 ,51.31 ,8.80 ,50,3,5,1,71
25,9,2,1060 ,51.01 ,8.80 ,30,5,5,1,71
25,9,3,1080 ,50.83 ,8.80 ,60,2,5,1,71
25,9,2,1380 ,50.83 ,8.53 ,29,4,5,1,71
25,9,2,1450 ,51.01 ,10.34 ,902,1,5,1,71
25,0,10,1480 ,50.40 ,8.14 ,24,1,3,1,98
25,8,1,1870 ,72.38 ,9.19 ,119,4,10,1,81
25,10,1,1890 ,68.01 ,12.06 ,130,2,12,1,84
25,7,1,2000 ,70.10 ,11.46 ,277,4,13,1,83
25,8,2,2000 ,69.68 ,9.12 ,142,7,10,1,81
25,10,2,2160 ,73.93 ,9.46 ,168,4,14,1,86
25,0,18,2180 ,72.23 ,12.10 ,104,1,7,1,87
25,10,1,2190 ,73.93 ,14.00 ,168,12,14,1,86
25,8,1,2280 ,72.23 ,12.10 ,112,8,10,1,87
25,8,1,2380 ,80.18 ,11.59 ,119,10,10,1,81
25,8,2,2600 ,78.72 ,9.53 ,294,1,14,1,83
25,10,2,2680 ,86.46 ,9.38 ,874,10,10,1,82
25,8,1,2930 ,77.88 ,25.82 ,112,9,10,1,87
25,0,15,3550 ,90.89 ,16.01 ,70,2,5,1,89
25,0,7,5680 ,85.19 ,33.16 ,144,3,11,1,96
31,0,15,750 ,48.85 ,6.00 ,8,3,4,1,70
31,0,15,750 ,48.85 ,6.00 ,20,3,5,1,70
31,0,15,790 ,48.85 ,6.00 ,30,5,5,1,70
31,0,15,850 ,51.31 ,7.10 ,56,2,7,1,70
31,0,15,880 ,48.85 ,6.00 ,16,4,4,1,70
31,0,15,890 ,48.85 ,6.00 ,40,5,5,1,70
31,0,15,990 ,48.85 ,6.00 ,40,1,5,1,70
31,0,15,1880 ,55.57 ,5.03 ,21,1,3,1,95
31,0,11,2980 ,72.49 ,9.30 ,54,1,6,1,99
31,0,9,4380 ,85.98 ,12.43 ,37,4,4,1,98
33,0,15,1750 ,78.92 ,15.03 ,20,5,5,1,69
33,0,8,2180 ,70.07 ,11.26 ,48,2,4,1,89
33,7,2,2580 ,77.30 ,4.20 ,62,4,4,1,93
33,6,1,2890 ,97.80 ,11.13 ,60,2,4,1,91
36,0,10,2280 ,69.02 ,11.56 ,30,3,5,1,94
36,0,9,2280 ,69.02 ,11.56 ,30,3,5,1,94
36,0,9,2280 ,69.02 ,11.56 ,30,3,5,1,94
36,0,10,2580 ,78.92 ,9.16 ,100,1,7,1,87
36,0,7,4180 ,90.80 ,18.07 ,20,1,5,1,99
33,15,2,750 ,48.65 ,6.00 ,20,5,5,1,71
33,15,2,790 ,48.65 ,6.00 ,30,3,5,1,71
33,15,2,1050 ,58.03 ,10.54 ,20,5,5,1,76
33,15,2,1150 ,47.99 ,5.72 ,50,5,5,1,68
33,15,2,1250 ,58.03 ,10.54 ,30,5,5,1,76
33,0,16,1290 ,69.02 ,10.60 ,40,5,5,1,71
33,15,3,1390 ,58.03 ,10.54 ,30,3,5,1,76
33,0,6,1580 ,73.31 ,10.48 ,33,2,5,1,80
33,0,18,1600 ,80.61 ,9.75 ,255,2,9,1,75
33,15,2,1820 ,77.97 ,14.92 ,89,8,15,1,85
33,15,1,1900 ,84.58 ,15.22 ,78,14,14,1,85
33,0,19,1980 ,107.58 ,15.19 ,30,5,5,1,69
33,15,2,2050 ,85.87 ,16.46 ,992,8,15,1,88
33,0,12,2300 ,80.99 ,4.97 ,75,4,5,1,86
33,0,11,2550 ,64.05 ,8.96 ,53,2,7,1,94
33,0,6,2580 ,58.18 ,6.70 ,40,5,8,1,96
33,0,12,2980 ,60.20 ,14.19 ,34,5,7,1,96
33,0,5,3380 ,64.59 ,10.10 ,89,10,12,1,98
33,0,10,4190 ,114.26 ,4.69 ,21,2,6,1,97
33,0,8,4290 ,82.33 ,32.63 ,243,14,20,1,97
35,0,9,1930 ,58.86 ,4.78 ,33,1,5,1,96
35,10,2,1980 ,58.71 ,8.55 ,39,4,6,1,96
35,0,13,1980 ,92.26 ,10.08 ,12,2,3,1,80
35,0,7,3980 ,84.45 ,0.00 ,47,1,4,1,96
54,0,18,650 ,53.52 ,6.18 ,16,4,4,1,69
54,0,18,890 ,51.16 ,6.30 ,40,4,5,1,69
57,0,15,800 ,57.20 ,0.00 ,2080,1,4,1,67
57,0,15,990 ,68.25 ,11.92 ,20,5,5,1,80
57,0,15,1000 ,63.23 ,11.00 ,30,5,5,1,79
57,0,8,1080 ,52.25 ,6.27 ,31,3,7,1,92
57,0,10,1090 ,59.21 ,5.88 ,26,2,5,1,90
60,0,7,1590 ,75.22 ,11.67 ,50,3,5,1,88
44,0,6,630 ,20.52 ,3.69 ,171,4,14,1,92
48,10,4,950 ,64.40 ,6.72 ,136,2,9,1,82
48,26,2,1140 ,80.18 ,18.74 ,30,2,5,1,77
48,0,11,1180 ,64.64 ,6.37 ,63,6,9,1,82
48,0,6,1180 ,76.80 ,11.44 ,103,4,9,1,81
48,26,2,1230 ,79.40 ,9.36 ,30,3,5,1,83
48,26,1,1380 ,94.19 ,13.81 ,30,5,5,1,77
48,10,6,1450 ,99.84 ,28.26 ,28,4,5,1,81
48,0,13,1500 ,69.75 ,14.15 ,20,3,5,1,79
48,0,11,1780 ,62.58 ,8.40 ,61,7,8,1,95
52,0,13,1480 ,75.07 ,20.60 ,77,3,7,1,88
52,0,17,1580 ,97.48 ,3.99 ,12,2,3,1,81
52,0,17,1650 ,97.48 ,3.99 ,8,2,3,1,81
59,0,7,1300 ,79.98 ,9.22 ,12,3,3,1,85
59,0,6,1590 ,78.02 ,7.89 ,127,3,8,1,86
59,0,6,1680 ,64.75 ,12.12 ,57,5,8,1,98
65,7,2,2030 ,80.31 ,14.42 ,1,2,5,1,91
65,7,2,2280 ,81.90 ,12.91 ,44,3,5,1,93
